828
1293
 682
 316
 593
1177
1223
 260
 653
1554
1319
  76
1313
 435
 237
 634
1330
1198
 126
1779
  16
1448
 128
  73
 326
 133
1157
1477
1193
 646
1508
1551
  19
 246
 408
1361
 587
 911
1169
 465
 537
 608
1200
1513
 939
 329
1484
 349
1385
 564
1077
1403
1182
 360
 928
 550
  51
 352
 224
 558
 808
 821
1232
 665
 114
 490
1267
1674
 277
1498
 867
 601
1374
 629
1351
1392
1771
1165
 264
 845
 355
1398
 259
1530
1790
1711
1412
 472
 752
1087
 300
1335
1792
1642
1297
 512
1071
 366
 606
 675
 723
 268
  54
 556
 437
1433
1189
1121
1782
1407
 171
 423
 175
 115
 816
 595
 365
 966
1482
 968
1354
1358
1451
1367
 204
1053
1572
1264
 720
1767
1379
 747
1427
1652
 953
 287
1487
1219
 145
1336
 670
 696
1520
  90
 131
1481
1167
 485
 124
 269
 890
 674
1106
 819
 557
1047
 907
  49
1411
 916
 930
  98
 112
 458
 266
 580
1702
 223
 649
1067
1048
1708
1607
 711
 977
1211
1440
1685
1170
 528
1387
 743
 194
1072
 250
 771
 758
1231
 840
1446
 876
 573
 412
1579
1677
1737
 160
1175
 265
1514
1527
 387
1774
 368
 453
1690
1137
1479
1494
 909
 712
1679
1493
 656
1044
1668
 868
 965
1111
 561
1116
 883
1568
 729
1692
1303
1406
1090
1065
 343
 196
1730
1083
1206
 755
1294
 975
1271
 304
1174
 833
 525
 893
1552
 541
1688
1254
1019
 421
